var 0 2
var 1 2
var 2 2
var 3 2
var 4 2
var 5 2
var 6 2
var 7 2
var 8 2
var 9 2
var 10 2
var 11 2
var 12 2
var 13 2
var 14 2
var 15 2
var 16 15
0 1 1 0 0 1 0 0 0 1 1 1 1 1 0 1 0
0 1 1 0 1 0 1 1 0 0 0 1 1 1 1 0 0
0 1 0 1 1 1 1 0 0 1 1 1 1 0 0 0 0
0 0 0 1 1 0 0 1 1 0 0 1 1 1 1 1 0
1 1 0 0 0 1 0 1 1 1 1 1 0 0 0 1 0
0 1 0 1 0 1 0 0 1 1 0 1 1 0 1 1 0
1 0 1 0 1 0 0 0 0 1 1 1 1 0 1 1 0
0 0 1 1 1 1 0 0 1 1 1 1 0 0 1 0 0
0 0 1 1 1 0 1 1 1 0 1 1 1 0 0 0 0
0 1 0 1 0 1 0 1 1 1 1 0 0 1 1 0 0
0 1 0 1 0 0 1 1 0 1 1 0 1 1 0 1 0
1 1 0 0 0 0 1 1 0 1 1 1 1 0 1 0 0
1 0 1 0 1 0 0 0 1 0 1 1 1 0 1 1 0
1 1 0 1 0 1 0 1 1 1 0 1 1 0 0 1 1
0 1 1 1 0 0 1 1 0 1 1 0 0 1 1 1 1
0 0 1 1 0 0 1 1 0 1 1 0 0 1 1 1 0
0 1 0 0 1 1 1 0 1 1 1 1 1 0 1 0 1
1 1 0 1 1 1 0 0 0 1 1 1 0 0 1 0 0
0 0 0 0 1 1 0 1 0 1 1 1 1 1 1 1 1
1 1 1 0 1 0 1 1 0 0 0 1 1 1 1 0 1
0 0 1 1 1 0 1 1 1 0 1 1 1 1 0 0 1
1 0 0 1 0 1 0 1 1 0 0 1 1 1 0 1 0
0 1 0 1 0 0 1 1 0 1 1 1 1 1 0 1 1
1 1 0 0 1 1 0 1 1 1 1 1 0 1 0 0 1
0 1 0 1 0 1 0 0 1 1 1 1 1 1 0 1 1
1 0 1 1 0 1 0 1 1 0 0 1 1 1 0 1 1
0 1 0 0 0 0 1 1 1 1 1 1 1 0 1 1 1
1 0 1 1 1 1 0 0 1 1 1 1 0 0 1 0 1
1 0 1 1 1 0 0 0 1 0 1 1 1 0 1 1 1
0 1 1 0 1 1 1 1 1 1 0 1 0 1 1 0 2
1 0 1 1 0 1 0 1 1 1 0 1 1 1 0 1 2
0 1 1 1 0 0 1 1 0 1 1 1 1 1 0 1 2
0 0 0 1 1 1 0 1 1 1 1 1 0 1 1 0 1
1 1 1 1 1 0 0 0 0 1 1 1 1 0 1 1 2
0 1 0 0 1 1 1 0 1 1 1 1 1 0 1 1 2
1 0 1 0 1 1 0 0 1 1 1 1 1 1 1 0 2
1 1 0 1 1 1 0 1 1 1 1 1 0 0 0 1 2
0 1 1 1 0 1 1 1 1 1 1 0 0 1 0 1 2
1 1 1 0 0 1 1 1 0 0 1 1 1 0 1 1 2
0 0 0 1 1 1 0 0 1 1 1 1 1 0 1 1 1
0 1 0 1 1 1 0 0 1 1 1 1 1 1 0 1 2
0 0 1 1 1 0 1 1 1 0 1 1 1 1 1 0 2
1 0 1 1 1 0 1 0 1 0 1 1 1 0 1 1 2
1 0 1 1 1 1 0 0 1 1 1 1 0 1 1 0 2
0 0 0 1 1 1 0 0 1 1 1 1 1 1 1 1 2
0 1 1 0 1 0 0 0 0 0 0 0 0 0 1 0 3
1 0 0 0 0 0 0 0 1 0 1 0 1 0 0 0 3
1 0 0 0 0 0 0 1 0 1 0 0 0 0 1 0 3
0 1 0 0 0 0 0 0 0 0 1 0 1 0 0 1 3
0 0 0 0 1 0 0 0 0 1 0 1 0 0 1 0 3
0 0 1 1 0 0 1 0 0 0 0 1 0 0 0 0 3
0 0 0 0 0 0 0 1 1 0 0 1 0 1 0 0 3
0 0 1 0 0 0 1 0 0 0 0 1 0 1 0 0 3
1 0 1 1 1 1 1 0 0 1 0 1 1 0 1 1 2
0 0 0 0 0 1 0 1 1 0 0 0 0 1 0 0 3
0 1 0 1 0 0 0 0 1 0 1 0 0 0 0 0 3
0 0 0 0 1 0 0 0 1 0 0 1 1 0 0 0 3
0 0 1 0 0 0 1 1 0 0 0 0 0 1 0 0 3
0 0 1 0 1 0 0 0 1 0 0 0 1 0 0 0 3
0 0 0 1 0 0 1 1 0 1 0 0 0 0 0 0 3
0 0 0 0 0 0 1 0 0 0 0 1 1 0 0 1 3
1 1 1 0 1 1 1 1 1 1 1 1 1 1 1 1 4
1 1 1 1 1 1 1 1 1 1 1 1 0 1 1 1 4
1 1 1 1 1 1 1 1 1 1 1 1 1 0 1 1 4
1 1 1 1 1 1 1 1 1 1 1 1 1 1 1 0 4
1 1 1 1 1 1 1 1 1 0 1 1 1 1 1 1 4
0 1 1 1 1 1 1 1 1 1 1 1 1 1 1 1 4
1 1 1 1 1 1 1 0 1 1 1 1 1 1 1 1 4
1 1 1 0 1 0 0 1 0 1 1 1 1 1 1 0 2
1 1 1 1 1 1 1 1 0 1 1 1 1 1 1 1 4
1 1 1 1 1 1 1 1 1 1 1 0 1 1 1 1 4
1 0 1 1 1 1 1 1 1 1 1 1 1 1 1 1 4
1 1 0 1 1 1 1 1 1 1 1 1 1 1 1 1 4
1 1 1 1 1 0 1 1 1 1 1 1 1 1 1 1 4
1 1 1 1 0 1 1 1 1 1 1 1 1 1 1 1 4
1 1 1 1 1 1 1 1 1 1 0 1 1 1 1 1 4
1 1 1 1 1 1 1 1 1 1 1 1 1 1 0 1 4
0 0 0 0 0 0 0 0 0 1 0 0 0 0 1 0 5
0 0 0 0 0 0 1 1 0 0 0 0 0 0 0 0 5
0 0 0 0 0 0 0 0 0 0 0 0 0 1 1 0 5
0 0 1 0 1 0 0 0 0 0 0 0 0 0 0 0 5
1 0 0 0 0 0 0 0 0 1 0 0 0 0 0 0 5
1 1 1 1 1 0 0 0 0 1 1 1 1 0 1 0 1
1 1 1 1 1 1 0 1 1 1 1 1 1 1 1 1 4
0 1 0 0 0 0 0 0 0 0 0 0 0 0 0 1 5
1 1 0 0 0 0 0 0 0 0 0 0 0 0 0 0 5
0 0 0 0 1 0 1 0 0 0 0 0 0 0 0 0 5
0 0 0 0 0 0 0 0 0 1 0 0 0 0 0 1 5
0 0 0 0 0 0 0 1 1 0 0 0 0 0 0 0 5
0 0 0 0 0 1 0 0 0 0 1 0 0 0 0 0 5
0 0 0 1 0 0 0 0 0 0 1 0 0 0 0 0 5
0 0 0 0 0 0 1 0 0 0 0 0 0 1 0 0 5
0 0 0 0 0 0 0 0 1 1 0 0 0 0 0 0 5
0 1 0 0 0 0 1 0 0 1 1 1 0 0 0 0 6
0 0 1 0 0 0 0 0 0 0 0 1 1 0 0 1 3
0 0 1 0 1 0 0 0 1 0 0 1 1 0 0 0 6
0 0 1 0 0 0 1 0 0 0 0 0 0 0 0 0 5
0 1 0 1 0 0 1 1 0 1 0 0 0 0 0 0 6
0 1 1 0 0 0 1 1 0 0 0 0 0 1 0 0 6
0 0 0 0 1 0 0 0 1 0 0 1 1 0 0 1 6
0 0 0 1 0 1 0 0 1 0 1 0 0 1 0 0 6
0 0 1 1 0 0 1 0 0 0 1 1 0 0 0 0 6
0 0 0 0 0 1 0 1 1 1 0 0 0 0 1 0 6
0 1 0 0 1 0 0 1 0 0 0 0 1 1 0 0 6
1 1 0 0 0 0 0 0 0 1 0 0 1 0 1 0 6
0 1 0 0 0 0 0 1 0 0 1 0 1 0 1 0 6
0 0 1 0 0 0 0 1 0 0 0 0 0 0 0 0 5
0 1 1 0 1 0 0 0 0 0 0 1 0 0 1 0 6
0 0 0 0 0 0 1 1 1 0 1 0 0 1 0 0 6
1 0 1 1 1 1 1 1 0 1 1 1 1 1 1 1 7
1 1 1 1 1 1 1 1 0 1 1 1 1 1 0 1 7
0 0 0 0 0 0 1 0 1 0 0 1 1 0 0 1 6
1 0 1 0 0 0 0 0 0 0 1 1 1 0 0 0 6
1 1 1 1 1 1 1 1 1 1 1 0 1 0 1 1 7
1 1 1 1 1 1 1 0 0 1 1 1 1 1 1 1 7
0 1 1 1 1 1 1 1 1 1 1 0 1 1 1 1 7
1 1 1 1 1 1 0 1 1 1 1 1 1 1 0 1 7
1 0 1 1 1 1 1 1 1 1 1 1 1 1 1 0 7
0 1 1 1 1 1 1 1 1 1 1 1 0 1 1 1 7
1 1 1 1 1 1 0 0 1 1 1 1 1 1 1 1 7
1 1 1 1 1 1 1 1 1 1 1 1 1 0 1 0 7
1 1 1 1 1 1 0 1 1 1 1 1 1 0 1 1 7
1 1 1 1 1 1 1 0 1 1 1 1 1 0 1 1 7
1 1 0 1 1 1 0 1 1 1 1 1 1 1 1 1 7
1 0 1 1 1 1 0 1 1 1 1 1 1 1 1 1 7
0 0 1 0 1 0 1 0 0 0 0 1 0 1 1 0 8
0 1 1 1 0 0 0 1 1 0 0 0 0 1 0 0 8
0 1 0 0 0 1 1 0 0 1 1 1 0 0 0 0 8
0 1 0 0 0 0 0 1 0 0 1 1 1 0 1 0 8
0 0 1 1 1 0 1 0 0 0 0 1 1 0 0 0 8
0 0 0 1 0 0 0 0 0 1 1 0 0 0 1 1 6
0 0 1 0 1 0 0 0 1 0 0 1 1 0 0 1 8
0 1 0 0 1 1 0 0 1 0 0 0 1 0 1 0 8
0 0 1 1 0 0 0 0 0 0 1 1 1 0 1 0 8
0 0 0 1 0 0 1 0 0 1 1 0 0 0 1 1 8
0 0 0 0 0 0 1 1 1 0 1 1 0 1 0 0 8
0 1 0 1 0 0 1 1 0 1 0 0 0 0 0 1 8
0 1 1 0 1 0 0 0 0 0 0 1 0 1 1 0 8
1 0 0 0 0 0 1 0 1 0 1 0 1 0 0 1 8
0 0 0 0 0 1 0 1 1 1 1 0 0 1 0 0 8
0 0 1 0 0 0 0 0 0 1 1 1 1 1 0 0 8
1 1 0 1 1 1 0 1 1 1 1 1 0 1 1 1 9
1 1 1 0 1 1 1 1 1 1 0 1 1 1 1 0 9
1 1 1 1 1 1 1 0 1 1 1 1 1 0 1 0 9
1 0 1 1 1 1 0 1 1 1 1 1 1 1 1 0 9
1 1 1 0 1 1 1 1 0 0 1 1 1 1 1 1 9
1 1 1 1 1 1 1 1 1 1 1 0 1 0 1 0 9
1 1 1 1 1 1 1 1 0 1 1 1 1 0 1 0 9
0 1 1 1 1 1 1 0 1 1 1 1 1 0 1 1 9
1 1 1 0 1 0 1 1 1 1 1 1 1 0 1 1 9
0 1 1 1 0 1 1 1 1 1 1 1 0 1 1 1 9
1 1 1 0 1 0 1 1 1 1 1 1 1 1 1 1 7
1 1 1 1 1 1 0 0 1 1 1 1 1 0 1 1 9
1 0 1 1 1 1 0 0 1 1 1 1 1 1 1 1 9
1 1 1 1 0 1 0 1 1 1 1 1 1 1 0 1 9
0 1 1 1 1 0 1 1 1 1 1 1 1 1 0 1 9
1 0 1 1 1 1 1 0 1 1 0 1 1 1 1 1 9
0 1 0 0 0 0 0 0 0 0 0 0 0 0 0 0 10
0 0 0 0 0 0 0 0 0 1 0 0 0 0 0 0 10
0 0 0 0 0 0 0 1 0 0 0 0 0 0 0 0 10
0 0 0 0 0 0 0 0 0 0 0 0 1 0 0 0 10
0 0 0 0 0 0 0 0 0 0 0 0 0 1 0 0 10
0 0 0 0 0 0 0 0 0 0 0 0 0 0 1 0 10
0 0 0 0 0 0 0 0 1 0 0 0 0 0 0 0 10
0 0 0 1 0 0 0 0 0 0 0 0 0 0 0 0 10
0 0 0 0 1 0 0 0 0 0 0 0 0 0 0 0 10
1 0 0 0 0 0 0 0 0 0 0 0 0 0 0 0 10
0 0 0 0 0 0 0 0 0 0 0 1 0 0 0 0 10
0 0 0 0 0 0 0 0 0 0 1 0 0 0 0 0 10
0 0 0 0 0 0 0 0 0 0 0 0 0 0 0 1 10
0 0 1 0 0 0 0 0 0 0 0 0 0 0 0 0 10
0 1 1 1 1 0 1 1 1 1 1 1 1 1 1 1 7
0 0 0 0 0 1 0 0 0 0 0 0 0 0 0 0 10
0 1 0 1 0 0 1 1 0 1 1 0 1 0 0 1 11
1 0 0 1 1 1 0 0 0 1 1 1 0 0 1 0 11
0 0 0 0 0 0 1 0 0 0 0 0 0 0 0 0 10
1 0 1 0 0 0 1 0 1 0 1 1 1 0 0 1 11
1 0 0 1 0 1 0 1 1 0 0 1 0 1 0 1 11
0 1 0 1 0 1 0 1 1 1 1 0 0 1 0 0 11
0 1 1 0 1 0 1 0 0 0 0 1 1 1 1 0 11
0 0 1 0 1 0 1 1 1 0 1 1 0 1 0 0 11
0 0 1 0 1 0 0 0 1 0 1 1 1 0 1 1 11
0 0 1 1 0 0 1 0 0 1 1 1 1 1 0 0 11
0 1 0 1 0 1 0 1 1 1 0 1 0 0 0 1 11
0 1 0 0 1 1 0 0 1 1 0 1 1 0 1 0 11
0 0 0 1 1 0 0 0 1 0 0 1 1 1 1 1 11
0 1 0 1 0 1 1 0 0 1 1 1 1 0 0 0 11
0 1 1 0 1 0 0 0 0 1 1 1 1 0 1 0 11
1 1 0 0 0 0 0 1 0 1 1 1 1 0 1 0 11
0 0 0 1 0 0 1 0 0 1 1 0 0 1 1 1 12
0 1 1 0 0 0 1 1 1 0 1 0 0 1 0 0 12
0 0 1 1 1 1 1 1 0 1 1 1 1 1 1 1 9
0 0 1 1 0 0 0 0 0 1 1 1 1 1 0 0 12
0 0 1 0 1 0 1 1 1 0 0 1 1 0 0 0 12
1 1 0 0 0 0 0 1 0 1 1 0 1 0 1 0 12
1 1 0 0 0 1 0 1 1 1 1 1 0 0 0 0 11
1 0 0 0 0 0 1 0 1 0 1 1 1 0 0 1 12
0 0 1 0 1 0 0 0 1 0 1 1 1 0 0 1 12
1 1 0 0 0 1 0 0 1 1 1 1 0 0 0 0 12
0 1 0 0 1 1 0 0 1 1 0 0 1 0 1 0 12
0 0 0 1 0 1 0 1 1 1 1 0 0 1 0 0 12
0 1 1 0 1 0 0 1 0 0 0 0 1 1 1 0 12
0 1 0 1 0 0 1 1 0 1 1 0 0 0 0 1 12
0 1 1 0 1 0 1 0 0 0 0 1 0 1 1 0 12
1 1 0 1 0 1 0 1 0 0 0 1 0 0 0 1 12
1 0 0 0 0 0 0 1 0 0 0 0 0 0 0 1 13
1 1 0 0 0 0 0 1 0 1 0 0 1 0 1 0 8
0 0 0 0 1 1 0 0 0 0 0 0 1 0 0 0 13
0 0 0 0 1 0 0 0 1 0 0 0 1 0 0 0 13
0 0 0 0 0 0 0 1 0 0 1 0 0 0 1 0 13
0 0 0 0 0 0 0 0 0 1 1 1 0 0 0 0 13
1 0 0 0 0 0 0 0 0 0 1 0 1 0 0 0 13
0 0 0 1 1 0 0 1 1 0 0 0 0 1 1 1 12
0 0 0 0 0 0 0 0 1 1 0 0 0 0 0 1 13
0 1 1 0 1 0 0 0 0 0 0 0 0 0 0 0 13
0 1 0 1 0 0 0 0 0 0 0 0 0 0 0 1 13
0 0 0 1 0 0 0 0 0 0 1 0 0 0 1 0 13
0 0 1 1 0 0 0 0 0 0 0 1 0 0 0 0 13
1 0 0 0 0 0 0 1 0 1 0 0 0 0 0 0 13
0 0 0 0 0 0 0 0 0 1 0 1 1 0 0 0 13
0 0 0 0 0 1 0 0 0 0 1 1 0 0 0 0 13
1 1 0 1 1 1 0 1 1 1 1 1 0 1 0 1 14
1 0 1 0 1 0 0 1 1 1 1 1 1 1 1 1 14
1 0 1 1 0 1 0 1 1 1 1 1 1 1 0 1 14
0 1 0 1 1 1 0 0 1 1 1 1 1 1 1 1 14
0 0 1 1 1 1 1 1 1 1 1 1 0 1 1 0 14
0 1 1 1 1 0 1 1 0 1 1 1 1 1 0 1 14
1 0 1 0 1 1 0 0 1 1 1 1 1 1 1 1 14
1 1 1 1 1 1 1 0 0 0 1 1 1 0 1 1 14
1 0 1 1 1 1 1 1 0 1 1 1 1 0 1 0 14
1 0 1 1 1 1 1 1 0 0 1 0 1 1 1 1 14
0 0 1 1 1 1 1 1 0 1 0 1 1 1 1 1 14
0 1 0 0 0 1 0 0 1 1 0 1 1 0 0 1 12
0 0 0 0 0 0 1 0 0 0 0 1 1 0 0 0 13
1 1 1 0 1 0 1 1 0 1 1 1 1 1 1 0 14
0 1 1 1 0 0 1 1 1 1 1 1 0 1 1 1 14
1 1 1 1 1 1 0 0 1 1 1 1 1 0 1 0 14
1 1 1 1 1 0 0 0 1 1 1 1 1 0 1 1 14
0 0 0 0 0 0 0 0 1 0 0 0 1 0 0 1 13
0 1 0 1 1 1 1 1 1 1 0 1 1 0 1 1 14
